NorthEast Residential
2019 2020 2021 2022 2023 2024 2025 2026 2027 2028 2029 2030 2031 2032 2033 2034 2035 2036 2037 2038 2039 2040 2041 2042 2043 2044 2045 2046 2047 2048 2049 
Electricity
46.43 47.07 47.54 47.99 48.49 49.64 50.63 51.37 51.83 52.58 52.68 52.91 52.99 53.48 53.81 54.06 54.26 54.41 54.67 54.72 54.60 54.14 54.22 54.34 54.44 54.49 54.50 54.46 54.44 54.41 54.47 
Distillate Oil
22.71 23.28 23.71 24.02 24.58 25.57 26.27 26.73 27.36 27.69 28.09 28.36 28.59 28.88 29.19 29.34 29.54 29.87 29.89 30.00 30.16 30.33 30.40 30.54 30.58 30.52 30.54 30.46 30.34 30.35 30.31 
Natural Gas
10.87 11.06 11.35 11.66 12.06 12.49 12.74 12.86 12.92 12.98 13.02 13.07 13.11 13.20 13.29 13.35 13.41 13.47 13.54 13.58 13.61 13.67 13.72 13.77 13.84 13.91 13.99 14.07 14.14 14.23 14.34 
LPG
26.48 28.58 30.11 31.49 32.67 33.79 34.92 35.95 36.81 37.50 37.97 38.29 38.52 38.78 39.10 39.45 39.78 40.11 40.40 40.63 40.84 41.02 41.16 41.30 41.44 41.58 41.69 41.76 41.79 41.81 41.78 

NorthEast Commercial
2019 2020 2021 2022 2023 2024 2025 2026 2027 2028 2029 2030 2031 2032 2033 2034 2035 2036 2037 2038 2039 2040 2041 2042 2043 2044 2045 2046 2047 2048 2049 
Electricity
40.41 40.20 40.02 40.19 40.42 41.39 42.17 42.79 43.16 43.87 43.96 44.23 44.44 44.97 45.35 45.65 45.93 46.21 46.51 46.63 46.59 46.30 46.49 46.70 47.06 47.28 47.37 47.38 47.39 47.39 47.47 
Distillate Oil
23.22 23.11 22.56 21.87 21.45 21.43 21.85 22.29 22.91 23.22 23.61 23.87 24.08 24.35 24.67 24.80 24.98 25.30 25.32 25.41 25.56 25.73 25.80 25.93 25.97 25.90 25.92 25.85 25.74 25.73 25.68 
Residual Oil
7.59 7.74 8.44 8.98 9.74 10.72 11.15 11.49 11.97 12.24 12.57 12.74 12.92 13.14 13.27 13.39 13.54 13.75 13.91 13.99 14.11 14.24 14.34 14.53 14.62 14.63 14.70 14.74 14.76 14.79 14.78 
Natural Gas
7.91 7.98 8.19 8.45 8.79 9.16 9.35 9.42 9.43 9.45 9.46 9.47 9.47 9.53 9.59 9.61 9.63 9.66 9.70 9.71 9.72 9.74 9.77 9.79 9.83 9.87 9.93 9.99 10.03 10.09 10.18 
Coal
5.18 5.19 5.20 5.19 5.20 5.24 5.27 5.29 5.31 5.31 5.31 5.33 5.35 5.35 5.34 5.33 5.34 5.33 5.34 5.35 5.35 5.35 5.34 5.33 5.32 5.31 5.31 5.30 5.30 5.29 5.29 

NorthEast Industrial
2019 2020 2021 2022 2023 2024 2025 2026 2027 2028 2029 2030 2031 2032 2033 2034 2035 2036 2037 2038 2039 2040 2041 2042 2043 2044 2045 2046 2047 2048 2049 
Electricity
29.34 28.64 28.06 27.81 27.81 28.32 28.68 28.89 28.88 29.12 28.97 28.97 28.90 29.17 29.40 29.53 29.61 29.72 29.89 29.90 29.82 29.54 29.56 29.61 29.66 29.72 29.73 29.75 29.80 29.83 29.99 
Distillate Oil
22.68 22.61 22.12 21.51 21.15 21.21 21.67 22.13 22.76 23.09 23.48 23.76 23.98 24.27 24.59 24.73 24.93 25.26 25.29 25.39 25.55 25.73 25.80 25.93 25.98 25.91 25.93 25.86 25.74 25.74 25.70 
Residual Oil
7.39 7.59 8.34 8.92 9.73 10.77 11.22 11.57 12.08 12.36 12.72 12.90 13.08 13.31 13.43 13.56 13.70 13.91 14.06 14.13 14.25 14.37 14.46 14.65 14.73 14.74 14.80 14.82 14.85 14.87 14.85 
Natural Gas
5.30 5.25 5.13 5.08 5.15 5.26 5.42 5.48 5.49 5.52 5.53 5.55 5.55 5.64 5.72 5.75 5.78 5.84 5.89 5.90 5.91 5.96 5.99 6.02 6.07 6.14 6.22 6.28 6.35 6.44 6.55 
Coal
4.08 4.19 4.20 4.19 4.20 4.23 4.26 4.28 4.31 4.31 4.32 4.34 4.36 4.37 4.37 4.37 4.38 4.39 4.42 4.44 4.45 4.46 4.47 4.47 4.48 4.48 4.48 4.49 4.49 4.49 4.49 


MidWest Residential
2019 2020 2021 2022 2023 2024 2025 2026 2027 2028 2029 2030 2031 2032 2033 2034 2035 2036 2037 2038 2039 2040 2041 2042 2043 2044 2045 2046 2047 2048 2049 
Electricity
37.98 38.36 38.69 38.52 38.25 38.15 38.15 38.21 38.19 38.18 38.17 38.22 38.25 38.31 38.36 38.44 38.38 38.25 38.22 38.13 37.99 37.77 37.70 37.61 37.47 37.36 37.34 37.35 37.32 37.28 37.20 
Distillate Oil
20.24 19.62 18.89 17.95 17.27 17.00 17.23 17.63 18.25 18.52 18.91 19.15 19.33 19.59 19.96 20.07 20.22 20.60 20.61 20.71 20.88 21.09 21.21 21.40 21.48 21.49 21.56 21.58 21.60 21.65 21.62 
Natural Gas
8.96 9.27 9.38 9.48 9.65 9.85 10.08 10.24 10.33 10.42 10.49 10.55 10.60 10.69 10.80 10.88 10.95 11.02 11.10 11.14 11.18 11.24 11.28 11.34 11.41 11.49 11.58 11.66 11.74 11.84 11.97 
LPG
26.48 28.58 30.11 31.49 32.67 33.79 34.92 35.95 36.81 37.50 37.97 38.29 38.52 38.78 39.10 39.45 39.78 40.11 40.40 40.63 40.84 41.02 41.16 41.30 41.44 41.58 41.69 41.76 41.79 41.81 41.78 

MidWest Commercial
2019 2020 2021 2022 2023 2024 2025 2026 2027 2028 2029 2030 2031 2032 2033 2034 2035 2036 2037 2038 2039 2040 2041 2042 2043 2044 2045 2046 2047 2048 2049 
Electricity
29.67 29.47 29.26 28.88 28.49 28.29 28.16 28.07 27.95 27.82 27.70 27.68 27.63 27.60 27.58 27.60 27.50 27.36 27.33 27.24 27.09 26.87 26.82 26.72 26.59 26.48 26.43 26.38 26.32 26.29 26.23 
Distillate Oil
21.49 20.82 19.87 18.77 17.93 17.53 17.85 18.29 18.92 19.24 19.64 19.91 20.13 20.41 20.74 20.88 21.07 21.41 21.43 21.53 21.69 21.87 21.95 22.09 22.14 22.10 22.12 22.06 21.97 21.97 21.93 
Residual Oil
6.52 6.95 8.01 8.65 9.35 10.25 10.64 10.96 11.39 11.63 11.93 12.09 12.25 12.45 12.56 12.67 12.80 12.99 13.13 13.20 13.32 13.43 13.52 13.68 13.77 13.78 13.84 13.87 13.90 13.92 13.91 
Natural Gas
6.82 7.00 7.10 7.24 7.45 7.68 7.88 7.98 8.03 8.08 8.11 8.15 8.16 8.22 8.30 8.35 8.39 8.44 8.49 8.51 8.53 8.56 8.59 8.63 8.68 8.74 8.80 8.87 8.94 9.02 9.12 
Coal
3.39 3.48 3.48 3.48 3.48 3.49 3.50 3.51 3.51 3.51 3.51 3.51 3.52 3.52 3.52 3.52 3.53 3.54 3.55 3.55 3.56 3.56 3.56 3.56 3.55 3.55 3.55 3.55 3.56 3.56 3.56 

MidWest Industrial
2019 2020 2021 2022 2023 2024 2025 2026 2027 2028 2029 2030 2031 2032 2033 2034 2035 2036 2037 2038 2039 2040 2041 2042 2043 2044 2045 2046 2047 2048 2049 
Electricity
21.06 20.76 20.38 20.01 19.76 19.64 19.59 19.57 19.50 19.42 19.34 19.32 19.27 19.27 19.27 19.29 19.23 19.16 19.17 19.12 19.03 18.89 18.85 18.80 18.74 18.70 18.69 18.69 18.67 18.68 18.70 
Distillate Oil
22.05 21.28 20.23 19.05 18.12 17.63 17.96 18.41 19.04 19.37 19.77 20.04 20.27 20.55 20.88 21.02 21.21 21.55 21.57 21.67 21.84 22.01 22.08 22.21 22.26 22.20 22.22 22.15 22.04 22.03 21.99 
Residual Oil
6.15 6.66 7.79 8.73 9.74 11.03 11.64 11.95 12.50 12.68 12.96 13.16 13.32 13.51 13.88 13.96 14.14 14.45 14.43 14.51 14.64 14.86 14.98 15.16 15.24 15.27 15.34 15.37 15.40 15.43 15.42 
Natural Gas
4.16 4.21 4.16 4.15 4.24 4.38 4.58 4.68 4.72 4.77 4.80 4.82 4.82 4.91 4.98 5.03 5.07 5.13 5.17 5.18 5.19 5.23 5.24 5.27 5.32 5.39 5.47 5.54 5.61 5.71 5.82 
Coal
2.59 2.71 2.74 2.74 2.74 2.70 2.70 2.71 2.72 2.73 2.74 2.75 2.76 2.76 2.76 2.76 2.76 2.77 2.77 2.77 2.78 2.78 2.78 2.78 2.79 2.79 2.79 2.80 2.80 2.80 2.81 


South Residential
2019 2020 2021 2022 2023 2024 2025 2026 2027 2028 2029 2030 2031 2032 2033 2034 2035 2036 2037 2038 2039 2040 2041 2042 2043 2044 2045 2046 2047 2048 2049 
Electricity
31.83 31.75 31.75 31.80 31.87 32.14 32.53 32.78 32.90 32.97 32.99 33.01 33.03 33.10 33.18 33.20 33.19 33.23 33.27 33.31 33.30 33.23 33.28 33.18 33.12 33.08 33.07 33.12 33.23 33.32 33.34 
Distillate Oil
22.26 22.94 23.37 23.60 24.11 25.00 25.53 25.96 26.57 26.86 27.24 27.48 27.68 27.94 28.29 28.41 28.58 28.93 28.96 29.06 29.23 29.43 29.55 29.73 29.81 29.82 29.88 29.89 29.90 29.94 29.91 
Natural Gas
11.41 11.62 11.83 12.04 12.33 12.65 12.91 13.06 13.13 13.21 13.27 13.32 13.35 13.45 13.55 13.62 13.68 13.75 13.82 13.85 13.88 13.94 13.97 14.03 14.10 14.16 14.24 14.32 14.39 14.49 14.60 
LPG
24.52 26.46 27.88 29.16 30.25 31.29 32.34 33.30 34.10 34.73 35.17 35.48 35.69 35.93 36.24 36.56 36.87 37.18 37.46 37.68 37.87 38.05 38.18 38.31 38.44 38.58 38.68 38.75 38.79 38.81 38.79 

South Commercial
2019 2020 2021 2022 2023 2024 2025 2026 2027 2028 2029 2030 2031 2032 2033 2034 2035 2036 2037 2038 2039 2040 2041 2042 2043 2044 2045 2046 2047 2048 2049 
Electricity
27.48 26.76 26.35 26.17 26.08 26.23 26.46 26.59 26.61 26.57 26.51 26.47 26.45 26.46 26.49 26.49 26.46 26.47 26.49 26.49 26.47 26.38 26.42 26.31 26.24 26.18 26.15 26.16 26.23 26.30 26.30 
Distillate Oil
22.07 21.95 21.42 20.77 20.37 20.39 20.82 21.27 21.90 22.23 22.65 22.91 23.13 23.42 23.72 23.86 24.06 24.38 24.42 24.53 24.70 24.85 24.93 25.07 25.13 25.07 25.09 25.03 24.93 24.94 24.90 
Residual Oil
7.66 8.19 9.30 10.72 12.19 13.75 14.33 14.68 15.19 15.48 15.84 16.02 16.20 16.42 16.55 16.67 16.81 17.03 17.18 17.25 17.37 17.49 17.58 17.77 17.85 17.85 17.91 17.94 17.96 17.99 17.97 
Natural Gas
8.04 8.17 8.31 8.47 8.72 8.99 9.21 9.31 9.35 9.40 9.42 9.45 9.46 9.52 9.60 9.64 9.67 9.72 9.76 9.77 9.78 9.82 9.83 9.86 9.91 9.96 10.02 10.08 10.13 10.21 10.31 
Coal
3.87 3.95 3.96 3.97 4.00 4.05 4.09 4.14 4.18 4.21 4.24 4.28 4.32 4.34 4.36 4.38 4.40 4.42 4.45 4.48 4.49 4.50 4.50 4.50 4.50 4.51 4.52 4.55 4.58 4.60 4.62 

South Industrial
2019 2020 2021 2022 2023 2024 2025 2026 2027 2028 2029 2030 2031 2032 2033 2034 2035 2036 2037 2038 2039 2040 2041 2042 2043 2044 2045 2046 2047 2048 2049 
Electricity
17.59 16.97 16.59 16.43 16.40 16.51 16.74 16.88 16.91 16.91 16.90 16.88 16.86 16.88 16.91 16.91 16.91 16.94 16.95 16.98 17.00 16.99 17.02 16.95 16.95 16.93 16.94 16.99 17.09 17.18 17.23 
Distillate Oil
22.44 22.45 22.03 21.48 21.19 21.33 21.80 22.26 22.89 23.23 23.67 23.94 24.15 24.45 24.74 24.87 25.09 25.40 25.45 25.56 25.73 25.87 25.93 26.08 26.13 26.05 26.06 25.99 25.87 25.87 25.84 
Residual Oil
7.59 8.27 9.50 10.56 11.84 13.35 13.93 14.28 14.79 15.07 15.43 15.62 15.79 16.02 16.14 16.27 16.41 16.62 16.77 16.84 16.96 17.08 17.18 17.36 17.45 17.45 17.51 17.54 17.56 17.58 17.56 
Natural Gas
3.48 3.53 3.48 3.46 3.56 3.71 3.92 4.03 4.06 4.13 4.15 4.18 4.18 4.27 4.35 4.40 4.43 4.50 4.53 4.54 4.55 4.60 4.61 4.63 4.69 4.76 4.83 4.88 4.95 5.05 5.15 
Coal
4.22 4.31 4.31 4.32 4.34 4.37 4.40 4.43 4.46 4.48 4.50 4.53 4.56 4.58 4.59 4.61 4.57 4.57 4.60 4.62 4.64 4.65 4.66 4.68 4.70 4.71 4.73 4.75 4.76 4.78 4.80 


West Residential
2019 2020 2021 2022 2023 2024 2025 2026 2027 2028 2029 2030 2031 2032 2033 2034 2035 2036 2037 2038 2039 2040 2041 2042 2043 2044 2045 2046 2047 2048 2049 
Electricity
40.24 39.10 37.79 37.88 38.72 39.23 40.00 40.99 41.54 41.86 42.27 42.77 43.35 43.96 44.38 44.70 44.99 45.37 45.70 45.87 46.00 46.12 46.33 46.53 46.60 46.71 46.98 47.30 47.50 47.75 47.97 
Distillate Oil
22.17 22.81 23.18 23.27 23.66 24.42 24.89 25.33 25.92 26.22 26.77 27.01 27.20 27.49 27.76 27.85 28.03 28.34 28.39 28.50 28.67 28.78 28.86 29.08 29.18 29.15 29.19 29.21 29.21 29.25 29.22 
Natural Gas
10.97 11.00 10.87 10.78 10.75 10.75 10.91 11.06 11.13 11.21 12.23 12.62 12.79 12.92 13.02 13.09 13.15 13.22 13.28 13.31 13.35 13.40 13.44 13.48 13.54 13.62 13.71 13.79 13.88 13.99 14.11 
LPG
23.70 25.55 26.90 28.11 29.13 30.11 31.10 32.01 32.76 33.35 34.51 35.04 35.33 35.59 35.87 36.17 36.46 36.74 37.00 37.20 37.38 37.54 37.67 37.78 37.91 38.03 38.13 38.19 38.23 38.25 38.22 

West Commercial
2019 2020 2021 2022 2023 2024 2025 2026 2027 2028 2029 2030 2031 2032 2033 2034 2035 2036 2037 2038 2039 2040 2041 2042 2043 2044 2045 2046 2047 2048 2049 
Electricity
35.99 34.54 33.32 33.70 34.29 34.45 35.26 35.91 36.08 36.03 36.12 36.36 36.60 36.87 36.91 36.88 36.87 37.00 37.07 36.98 36.83 36.65 36.58 36.50 36.31 36.14 36.08 36.06 35.95 35.88 35.77 
Distillate Oil
23.59 23.51 22.99 22.30 21.89 21.88 22.30 22.77 23.38 23.74 25.28 25.91 26.27 26.62 26.87 27.00 27.21 27.52 27.57 27.70 27.86 27.98 28.04 28.22 28.29 28.21 28.20 28.17 28.08 28.08 28.05 
Residual Oil
8.35 9.47 9.92 10.20 10.66 11.35 11.71 12.07 12.59 12.89 13.26 13.46 13.64 13.88 14.06 14.20 14.36 14.60 14.72 14.82 14.94 15.05 15.14 15.37 15.45 15.40 15.40 15.41 15.42 15.44 15.42 
Natural Gas
8.21 8.32 8.37 8.44 8.58 8.74 8.93 9.06 9.11 9.17 10.09 10.43 10.57 10.69 10.78 10.84 10.90 10.96 11.02 11.06 11.10 11.15 11.19 11.24 11.30 11.38 11.48 11.56 11.65 11.77 11.89 
Coal
7.19 7.17 7.13 7.11 7.08 7.06 7.06 7.05 7.04 7.03 7.02 7.03 7.03 7.01 7.00 6.99 6.98 6.98 6.97 6.96 6.95 6.94 6.94 6.93 6.92 6.90 6.90 6.89 6.87 6.86 6.85 

West Industrial
2019 2020 2021 2022 2023 2024 2025 2026 2027 2028 2029 2030 2031 2032 2033 2034 2035 2036 2037 2038 2039 2040 2041 2042 2043 2044 2045 2046 2047 2048 2049 
Electricity
24.30 22.50 21.43 21.84 22.16 22.24 22.96 23.38 23.41 23.44 23.53 23.74 23.96 24.18 24.23 24.26 24.29 24.46 24.54 24.51 24.45 24.38 24.38 24.35 24.29 24.25 24.26 24.29 24.27 24.28 24.27 
Distillate Oil
23.23 23.24 22.82 22.26 21.96 22.08 22.55 23.03 23.63 24.00 24.48 24.75 24.96 25.26 25.51 25.64 25.85 26.16 26.21 26.34 26.50 26.62 26.67 26.85 26.91 26.82 26.80 26.76 26.65 26.65 26.62 
Residual Oil
10.57 10.11 10.39 10.49 10.83 11.39 11.71 12.06 12.57 12.85 13.21 13.40 13.57 13.80 13.97 14.08 14.24 14.49 14.66 14.74 14.86 14.96 15.06 15.32 15.40 15.33 15.31 15.32 15.34 15.36 15.35 
Natural Gas
4.51 4.63 4.60 4.59 4.68 4.81 5.02 5.16 5.19 5.25 5.24 5.25 5.25 5.34 5.43 5.49 5.55 5.60 5.65 5.68 5.70 5.76 5.78 5.81 5.87 5.96 6.06 6.15 6.24 6.38 6.51 
Coal
3.51 3.52 3.51 3.51 3.51 3.51 3.51 3.52 3.52 3.53 3.53 3.54 3.55 3.55 3.55 3.55 3.55 3.55 3.54 3.54 3.54 3.54 3.54 3.54 3.54 3.54 3.54 3.55 3.55 3.56 3.57 


U.S. Avg Residential
2019 2020 2021 2022 2023 2024 2025 2026 2027 2028 2029 2030 2031 2032 2033 2034 2035 2036 2037 2038 2039 2040 2041 2042 2043 2044 2045 2046 2047 2048 2049 
Electricity
36.35 36.26 36.15 36.19 36.36 36.69 37.13 37.51 37.70 37.86 37.94 38.05 38.16 38.35 38.49 38.58 38.62 38.67 38.76 38.78 38.74 38.61 38.65 38.61 38.56 38.52 38.53 38.59 38.66 38.72 38.74 
Distillate Oil
22.52 23.02 23.37 23.59 24.06 24.94 25.59 26.04 26.66 26.99 27.39 27.66 27.88 28.16 28.48 28.62 28.81 29.15 29.17 29.28 29.44 29.61 29.69 29.83 29.88 29.83 29.85 29.79 29.70 29.71 29.67 
Natural Gas
10.32 10.52 10.65 10.78 10.99 11.23 11.46 11.60 11.68 11.76 12.04 12.17 12.24 12.34 12.45 12.52 12.59 12.66 12.73 12.77 12.82 12.87 12.92 12.97 13.05 13.12 13.21 13.30 13.38 13.48 13.60 
LPG
22.84 24.63 25.93 27.10 28.11 29.06 30.03 30.91 31.65 32.23 32.75 33.06 33.27 33.50 33.78 34.08 34.36 34.65 34.90 35.11 35.29 35.45 35.58 35.70 35.83 35.96 36.06 36.13 36.17 36.19 36.18 

U.S. Avg Commercial
2019 2020 2021 2022 2023 2024 2025 2026 2027 2028 2029 2030 2031 2032 2033 2034 2035 2036 2037 2038 2039 2040 2041 2042 2043 2044 2045 2046 2047 2048 2049 
Electricity
31.56 30.86 30.34 30.24 30.24 30.41 30.74 30.98 31.03 31.06 31.01 31.06 31.09 31.19 31.24 31.26 31.24 31.26 31.29 31.25 31.16 30.99 30.99 30.91 30.84 30.77 30.72 30.70 30.69 30.69 30.66 
Distillate Oil
22.61 22.39 21.77 21.01 20.51 20.43 20.83 21.27 21.89 22.22 22.84 23.17 23.41 23.71 24.01 24.14 24.33 24.66 24.69 24.79 24.95 25.11 25.17 25.32 25.38 25.31 25.33 25.27 25.17 25.17 25.13 
Residual Oil
7.56 7.75 8.47 9.00 9.76 10.74 11.17 11.52 12.00 12.28 12.63 12.81 13.00 13.23 13.36 13.49 13.63 13.85 14.01 14.08 14.21 14.33 14.43 14.62 14.71 14.72 14.78 14.81 14.84 14.86 14.84 
Natural Gas
7.66 7.79 7.92 8.08 8.32 8.58 8.78 8.89 8.93 8.97 9.17 9.26 9.29 9.36 9.44 9.49 9.53 9.58 9.63 9.65 9.67 9.71 9.73 9.77 9.83 9.88 9.96 10.02 10.09 10.17 10.28 
Coal
4.69 4.75 4.74 4.73 4.73 4.74 4.75 4.76 4.77 4.78 4.78 4.79 4.80 4.80 4.80 4.80 4.80 4.81 4.82 4.83 4.83 4.83 4.83 4.82 4.82 4.81 4.81 4.82 4.82 4.82 4.82 

U.S. Avg Industrial
2019 2020 2021 2022 2023 2024 2025 2026 2027 2028 2029 2030 2031 2032 2033 2034 2035 2036 2037 2038 2039 2040 2041 2042 2043 2044 2045 2046 2047 2048 2049 
Electricity
20.88 20.12 19.58 19.44 19.42 19.49 19.74 19.89 19.89 19.89 19.86 19.88 19.89 19.96 20.00 20.02 20.02 20.05 20.09 20.08 20.05 19.97 19.98 19.94 19.91 19.89 19.90 19.93 19.97 20.03 20.07 
Distillate Oil
22.52 22.29 21.68 20.94 20.46 20.40 20.83 21.30 21.92 22.27 22.70 22.97 23.20 23.49 23.78 23.92 24.13 24.45 24.49 24.61 24.77 24.92 24.99 25.14 25.19 25.12 25.13 25.07 24.96 24.96 24.92 
Residual Oil
7.52 8.04 9.16 10.11 11.27 12.67 13.22 13.57 14.09 14.36 14.70 14.89 15.06 15.28 15.44 15.56 15.70 15.93 16.05 16.12 16.24 16.37 16.47 16.65 16.73 16.73 16.79 16.81 16.83 16.85 16.83 
Natural Gas
3.92 3.98 3.92 3.91 4.00 4.14 4.34 4.45 4.48 4.54 4.56 4.58 4.58 4.67 4.75 4.80 4.84 4.90 4.94 4.95 4.97 5.02 5.03 5.06 5.11 5.19 5.27 5.33 5.41 5.52 5.63 
Coal
3.30 3.41 3.43 3.43 3.44 3.43 3.44 3.46 3.48 3.48 3.49 3.51 3.52 3.53 3.53 3.53 3.51 3.52 3.52 3.53 3.54 3.55 3.55 3.56 3.56 3.57 3.58 3.59 3.59 3.60 3.61 


